koch(5);

Patt=[0,1/3,1/3,2/3,2/3,1;0,0,.25,.25,0,0];
M0=[0,1;0,0];
% M0 = [0,1/2,1; 0,1,0];
% genkoch(5, Patt, M0);